0.03
0.02
0.01
0.00
0.01
0.03
0.04
0.04
0.04
0.06
0.09
0.11
0.15
0.16
0.17
0.14
0.11
0.11
0.10
0.09
0.07
0.04
0.00
-0.02
-0.02
-0.02
-0.01
0.00
-0.02
-0.03
-0.03
-0.02
-0.01
-0.01
-0.01
-0.02
-0.03
-0.02
-0.02
0.00
0.00
-0.01
-0.02
-0.03
-0.07
-0.16
-0.27
-0.22
-0.02
0.28
0.65
0.98
1.29
1.44
1.41
1.24
1.06
0.81
0.49
0.22
0.07
-0.01
-0.07
-0.09
-0.11
-0.11
-0.11
-0.12
-0.14
-0.16
-0.17
-0.14
-0.13
-0.12
-0.13
-0.14
-0.14
-0.13
-0.12
-0.11
-0.10
-0.10
-0.12
-0.12
-0.11
-0.09
-0.08
-0.08
-0.08
-0.09
-0.09
-0.08
-0.07
-0.06
-0.06
-0.06
-0.08
-0.08
-0.07
-0.05
-0.05
-0.06
-0.08
-0.08
-0.08
-0.07
-0.05
-0.06
-0.07
-0.08
-0.08
-0.08
-0.07
-0.08
-0.08
-0.10
-0.12
-0.13
-0.13
-0.13
-0.12
-0.12
-0.13
-0.13
-0.10
-0.05
-0.02
0.01
0.01
0.01
0.04
0.05
0.06
0.06
0.06
0.05
0.04
0.03
0.03
0.04
0.05
0.04
0.03
0.02
0.01
0.03
0.04
0.04
0.03
0.01
0.01
0.02
0.03
0.03
0.03
0.02
0.01
0.01
0.01
0.03
0.04
0.03
0.01
0.00
0.00
0.02
0.04
0.04
0.02
0.01
0.01
0.01
0.03
0.03
0.03
0.02
0.01
0.01
0.02
0.03
0.04
0.04
0.02
0.01
0.01
0.02
0.04
0.03
0.02
0.00
0.00
0.01
0.02
0.03
0.02
0.01
0.00
0.00
0.01
0.02
0.02
0.02
0.01
0.00
0.00
0.01
0.04
0.03
0.02
0.00
0.00
0.01
0.03
0.03
0.03
0.01
0.01
0.01
0.01
0.03
0.03
0.03
0.02
0.02
0.02
0.02
0.04
0.04
0.04
0.03
0.04
0.06
0.11
0.14
0.15
0.15
0.15
0.14
0.13
0.13
0.12
0.10
0.05
0.03
0.01
0.00
0.01
0.00
-0.01
-0.03
-0.03
-0.03
-0.01
0.00
-0.01
-0.02
-0.03
-0.03
-0.02
-0.01
-0.01
-0.01
-0.02
-0.03
-0.03
-0.02
-0.04
-0.13
-0.28
-0.28
-0.10
0.20
0.58
0.92
1.23
1.40
1.39
1.27
1.11
0.89
0.58
0.27
0.07
-0.02
-0.07
-0.09
-0.09
-0.11
-0.13
-0.15
-0.16
-0.16
-0.19
-0.14
-0.13
-0.15
-0.16
-0.16
-0.15
-0.12
-0.12
-0.12
-0.14
-0.14
-0.13
-0.12
-0.10
-0.10
-0.10
-0.11
-0.12
-0.10
-0.08
-0.08
-0.08
-0.09
-0.09
-0.09
-0.08
-0.07
-0.07
-0.07
-0.08
-0.09
-0.10
-0.09
-0.07
-0.07
-0.08
-0.10
-0.11
-0.10
-0.08
-0.08
-0.08
-0.11
-0.12
-0.13
-0.13
-0.12
-0.14
-0.15
-0.16
-0.17
-0.16
-0.14
-0.10
-0.07
-0.05
-0.04
-0.03
-0.01
0.02
0.04
0.03
0.02
0.01
0.00
0.01
0.02
0.01
0.00
-0.01
-0.02
-0.02
-0.01
-0.01
0.00
-0.01
-0.03
-0.03
-0.03
-0.01
0.00
-0.01
-0.02
-0.04
-0.03
-0.02
-0.01
-0.01
-0.02
-0.02
-0.03
-0.03
-0.02
-0.01
-0.01
-0.01
-0.02
-0.03
-0.03
-0.07
0.00
0.00
-0.01
-0.03
-0.03
-0.02
0.00
0.00
-0.01
-0.02
-0.03
-0.03
-0.02
-0.02
-0.02
-0.02
-0.03
-0.04
-0.04
-0.02
-0.01
-0.01
-0.03
-0.04
-0.04
-0.03
-0.01
-0.01
-0.01
-0.03
-0.03
-0.02
-0.02
-0.01
0.00
-0.01
-0.02
-0.02
-0.02
0.00
0.01
0.01
0.00
-0.02
-0.02
0.00
0.01
0.01
0.01
-0.01
-0.01
0.00
0.01
0.02
0.02
0.02
0.01
0.01
0.01
0.03
0.06
0.08
0.09
0.10
0.11
0.13
0.13
0.12
0.10
0.07
0.06
0.03
0.01
0.00
-0.02
-0.03
-0.05
-0.06
-0.06
-0.05
-0.04
-0.04
-0.05
-0.06
-0.07
-0.05
-0.04
-0.03
-0.04
-0.06
-0.06
-0.06
-0.05
-0.04
-0.05
-0.09
-0.22
-0.34
-0.30
-0.08
0.23
0.59
0.92
1.20
1.35
1.33
1.19
1.03
0.80
0.48
0.19
0.04
-0.03
-0.07
-0.09
-0.12
-0.14
-0.16
-0.16
-0.15
-0.15
-0.16
-0.15
-0.17
-0.16
-0.16
-0.14
-0.13
-0.13
-0.14
-0.15
-0.14
-0.12
-0.11
-0.11
-0.11
-0.12
-0.12
-0.12
-0.10
-0.09
-0.09
-0.10
-0.12
-0.11
-0.10
-0.09
-0.09
-0.10
-0.12
-0.13
-0.13
-0.12
-0.11
-0.11
-0.11
-0.13
